-0.72714,-0.6871,-0.72865,-0.92915,-0.55009,-0.52486,-0.18507,-0.31819,-0.10144,-0.42857,-0.62569,-0.60551,-0.40867,-0.92327,-0.87381,-0.57032,-0.4299,-0.45475,-0.035556,-0.11366,0.11109,-0.0078724,-0.20208,0.088208,0.32603,0.21027,0.39153,0.60478,0.34882,-0.30883,-0.82016,-0.50573,-0.024677,0.55485,0.70073,0.69899,0.38662,0.18831,-0.036053,-0.42767,-0.96526,-0.32161,-0.26937,0.096625,-0.24908,-0.61986,-0.61934,-0.19557,-0.61333,-0.21455,-0.53785,-0.94579,-0.68831,-0.12865,-0.70068,-0.1641,0.0056818,-0.62929,-0.50964,-0.87991,1
-0.35398,-0.55679,-0.45598,-0.69995,-0.43393,0.33351,0.14881,0.51092,-0.033911,-0.21093,0.31263,0.85111,0.93897,0.55182,0.49122,0.88927,1,0.76603,0.58426,0.53296,-0.0092749,-0.21624,-0.2807,-0.247,-0.3832,-0.49796,-0.4138,-0.48888,-0.1317,-0.69852,-0.27935,-0.42867,-0.6835,-0.5487,-0.77846,-0.17298,-0.23814,-0.85983,-0.69028,-0.5963,-0.69566,-0.87131,-0.63766,-0.58052,-0.82343,-0.94432,-0.80804,-0.55556,-0.58708,-0.85212,-0.751,-0.78317,-0.56364,-0.77778,-0.60091,-0.041026,-0.22159,-0.78947,-0.71901,-0.82448,1
-0.63569,-0.50621,-0.28778,-0.5126,-0.53994,0.17065,0.29762,0.63881,0.63572,0.73917,0.71388,1,0.54311,0.04094,0.29361,0.37777,0.32836,0.49112,0.77467,0.70441,0.57293,0.33279,-0.20949,-0.30151,0.043238,-0.67133,-0.035823,0.69802,0.19562,0.68339,0.75041,0.042687,-0.70913,-0.47069,-0.17991,-0.40262,0.26066,0.32536,0.055029,0.0026144,-0.0070643,-0.38193,-0.44937,-0.42747,-0.39977,-0.95173,-0.51177,-0.55436,-0.86875,-0.74303,-0.93426,-0.36091,-0.16364,-0.50292,-0.21088,0.23077,0.77841,-0.26316,-0.48209,-0.66744,1
-0.87463,-0.85855,-0.60053,-0.9301,-0.93,-0.85703,-0.4237,-0.46152,-0.84511,-0.67081,-0.83213,-0.48535,-1,-0.58998,-0.65934,-0.59923,-0.92871,-0.60395,-0.24974,-0.29003,-0.53014,-0.29026,0.058175,-0.056039,-0.40574,-0.027866,0.0032566,-0.53973,-0.60511,-0.37232,0.25951,0.5583,0.18513,-0.30366,-0.23699,-0.40887,0.10584,0.75335,1,0.97168,0.33434,0.20879,-0.16979,-0.17496,0.22121,0.0021942,-0.038392,-0.056005,-0.31247,-0.28727,-0.51992,-0.6776,-0.83896,-0.18129,-0.64172,-0.64615,-0.73296,-0.81236,-0.78512,-0.4873,1
0.10177,-0.43421,-0.69382,-0.84023,-0.73472,-0.70599,-0.36364,0.063727,0.033319,0.24296,0.09542,0.089097,0.17231,-0.20347,-0.097803,0.051089,0.44172,0.20894,-0.67641,-0.14812,-0.23356,-0.16716,0.095051,0.057269,-0.40143,-0.69953,0.36863,1,0.4444,-0.12411,0.0073025,0.1357,-0.49512,-0.83699,-0.64652,-0.17319,-0.069976,-0.41063,-0.48197,-0.49608,-0.62501,-0.41685,-0.52231,-0.7833,-0.80324,-0.85518,-0.8707,-0.94909,-0.76779,-0.88848,-0.68924,-0.93438,-0.74545,-0.44444,-0.52834,-0.94359,-0.60796,-0.79405,-0.41598,-0.59353,1
-0.6003,-0.6168,-0.82786,-0.94484,-0.83921,-0.52271,-0.36796,-0.21588,-0.39879,-0.16316,-0.23465,0.17644,0.77314,0.63453,1,1,0.89804,0.7974,0.41805,-0.044093,-0.67074,-0.22994,0.12896,-0.46051,-0.63053,0.070823,0.031201,-0.28654,-0.33705,-0.051028,0.11128,-0.017299,-0.40733,-0.57901,-0.7578,-0.44032,-0.24426,-0.21493,-0.22349,-0.30741,-0.4564,-0.36655,-0.81301,-0.68101,-0.66107,-0.70132,-0.77436,-0.7041,-0.73347,-0.80364,-0.79283,-0.89444,-0.95325,-0.83626,-0.96825,-0.5641,-0.69318,-0.89016,-0.72452,-0.74134,1
-0.55457,-0.1856,-0.14192,-0.35806,-0.18488,-0.13572,-0.62229,-0.4064,-0.4053,-0.027599,-0.5755,-0.87632,-0.90528,-0.28246,0.080951,0.074293,-0.0050772,-0.19231,-0.6781,-0.23438,0.52002,0.94581,0.87072,0.090052,0.030328,0.3008,0.099275,0.059078,-0.58746,-0.67274,0.16164,0.32981,-0.47748,-0.64791,-0.43827,0.024798,0.26875,-0.18894,0.076955,0.31067,0.078633,-0.43321,-0.49386,-0.54934,-0.62923,-0.83626,-0.5929,-0.37287,-0.48814,-0.61455,-0.61155,-0.44936,0.26234,-0.2924,-0.70975,-0.31282,-0.49432,-0.35927,-0.80716,-0.55196,1
-0.25664,-0.53536,-0.45664,-0.87589,-0.44661,-0.55926,-0.46212,-0.75391,-0.58833,-0.22065,-0.2874,-0.16471,-0.28804,-0.27235,0.12248,-0.14228,-0.53,-0.82878,0.30065,0.872,0.543,0.049586,0.32373,0.83076,0.51086,0.60789,0.763,0.19535,-0.42715,-0.8956,-0.81777,-0.95057,-0.89226,-0.19576,-0.29569,-0.80444,-0.65799,-0.26235,-0.17415,-0.47081,-0.81679,-0.47741,-0.51403,-0.62974,-0.38982,-0.35272,-0.59254,-0.84786,-0.71227,-0.56849,-0.89641,-0.79173,-0.4026,-0.79532,-0.47846,-0.52308,-0.53409,-0.79863,-0.74105,-0.78291,1
-0.69322,-0.68367,-0.69185,-0.80171,-0.70581,-0.73717,-0.61039,-0.98104,-0.81964,-0.60704,-0.75415,-0.58441,0.050525,-0.31422,-0.66255,-0.80175,-1,-0.28914,0.45319,0.98395,0.95826,0.77303,0.30317,-0.17078,-0.35779,0.41976,0.91827,0.45513,-0.043831,-0.79099,-0.44959,-0.17052,-0.43442,-0.34436,-0.34847,-0.5754,-0.53816,-0.51274,-0.72401,-0.41721,-0.49091,-0.58877,-0.45144,-0.71683,-0.71993,-0.6514,-0.47157,-0.30279,-0.21555,0.064242,-0.87849,-0.60913,-0.36104,-0.21053,-0.76417,-0.76923,-0.64773,-0.5881,-0.68044,-0.9261,1
-0.78024,-0.85684,-0.78187,-0.99429,-0.93913,-0.69417,-0.44643,-0.71687,-0.7373,-0.96053,-0.85481,-0.75967,-0.6885,-0.87274,-0.9665,-0.80236,-0.48668,-0.40592,-0.42268,-0.21297,0.17116,0.51989,0.83109,0.94242,0.8375,0.45919,0.64051,0.77501,0.45394,0.33866,0.16556,0.017974,-0.44891,-0.98007,-0.9957,-0.79274,-0.72819,-0.79453,-0.93148,-0.92702,-0.93978,-0.66667,-0.58696,-0.64339,-0.89423,-0.8113,-0.68598,-0.69272,-0.90712,-0.52,-0.76494,-0.76605,0.13247,-0.011696,-0.64626,-0.6718,-0.83523,-0.85355,-0.69697,-0.84296,1
-0.9646,-0.95114,-0.90999,-0.86781,-0.87674,-0.90218,-0.80357,-0.9043,-0.92655,-0.90305,-0.94244,-0.77726,-0.64301,-0.81004,-0.88023,-0.84836,-0.82841,-0.78099,-0.84662,-0.90411,-0.71859,-0.28514,-0.19063,0.12038,0.31434,0.44399,0.50709,0.70255,0.94318,0.83403,0.53024,0.52887,0.52893,0.23858,-0.018513,-0.10907,-0.21365,-0.18935,-0.14485,-0.20872,-0.62664,-0.88889,-0.7949,-0.67302,-0.56412,-0.81075,-0.8544,-0.68014,-0.76981,-0.82303,-0.87649,-0.84593,-0.4026,-0.75439,-0.77324,-0.54359,-0.77841,-1,-0.7135,-0.86143,1
-0.84071,-0.74025,-0.89882,-0.87875,-0.8524,-1,-0.91937,-0.76891,-0.68992,-0.79351,-0.92656,-0.82093,-0.4697,-0.52893,-0.63106,-0.61938,-0.76914,-0.48592,0.1214,0.5137,0.54722,0.69635,0.0064639,-0.30048,0.1748,0.62,1,0.72684,0.24939,-0.15245,-0.24621,-0.51202,-0.50856,-0.48511,-0.48164,-0.47218,-0.20337,-0.128,-0.24752,-0.47603,-0.67064,-0.68303,-0.86655,-0.91317,-0.74581,-0.76385,-0.68417,-0.73345,-0.86472,-0.47394,-0.6255,-0.64337,0.35065,0.25146,-0.69161,-0.41539,-0.86932,-0.59268,-0.95592,-0.82448,1
-0.9056,-0.93142,-0.97372,-0.9087,-0.8595,-0.76135,-0.73214,-0.60176,-0.72338,-0.67768,-0.77088,-0.71307,-0.51346,-0.35857,-0.35881,-0.47873,-0.25521,0.2586,0.42584,0.71597,0.93128,0.96871,0.8898,0.59758,0.35102,-0.071484,-0.45183,-0.8872,-0.21368,-0.63119,-0.68981,-0.8133,-0.73958,-0.54658,-0.53646,-0.28044,-0.3372,-0.74919,-0.8697,-0.78824,-0.84181,-0.80879,-0.64024,-0.78897,-0.80722,-0.81816,-0.56465,-0.58551,-0.84654,-0.35515,-0.65339,-0.52068,-0.36623,-0.54386,-0.58277,-0.92308,-0.68182,-0.74828,-0.68044,-0.87991,1
-0.88938,-0.95199,-0.84363,-0.79505,-0.42683,-0.20075,-0.26461,-0.58898,-0.73938,-0.49035,-0.54431,-0.32269,0.11962,-0.44003,-0.42422,0.051089,-0.23883,-0.75148,-0.4677,-0.30415,-0.3613,-0.13731,0.24001,-0.10624,0.18217,0.71142,0.65227,0.52017,0.0018263,-0.14627,0.067684,0.11683,-0.29287,-0.28161,0.46855,0.54859,-0.23311,-0.94094,-0.3015,0.30654,-0.27041,-0.44908,-0.4323,-0.21386,-0.44925,-0.56939,-0.82651,-0.67775,-0.8526,-0.83515,-0.62749,-0.85449,-0.53247,0.076023,-0.6644,-0.24103,-0.11932,-0.77117,0.035813,-0.55658,1
-0.83923,-0.63395,-0.61301,-0.81407,-0.73117,-0.86401,-0.73052,-0.87299,-0.71065,-0.426,-0.6169,-0.51202,-0.1818,-0.63989,-0.88745,-0.54651,-0.31448,-0.28644,0.14349,0.20783,0.11488,-0.1095,-0.17643,-0.29269,0.27172,0.76649,0.78527,-0.033347,-0.35288,-0.62991,-0.76654,-0.26713,-0.1887,-0.39163,-0.42702,-0.1877,0.12618,-0.22096,0.081172,0.067756,-0.35796,-0.32943,-0.39196,-0.40789,-0.6716,-0.80143,-0.77508,-0.80952,-0.54568,-0.59515,-0.84462,-0.78602,-0.72987,-0.040936,-0.1746,-0.74359,-0.36932,-0.11671,-0.19559,-0.74134,1
-0.5826,-0.47792,-0.58279,-0.58963,-0.21481,0.17818,0.15963,-0.12767,-0.59011,-0.78865,-0.37984,-0.00087925,-0.25349,-0.47345,-0.35681,-0.15062,0.096052,-0.13143,-0.18914,0.23652,-0.27909,-0.63807,-0.36908,0.82891,0.87111,-0.18515,-0.51886,0.3028,0.59984,-0.23575,0.026703,0.47338,0.11625,0.83932,0.56285,0.42198,0.58845,-0.1644,-0.44381,-0.33638,-0.43277,-0.30598,-0.86396,-0.51894,-0.55843,-0.55211,-0.54654,-0.55196,-0.54366,-0.84485,-0.69323,-0.93438,-0.23117,-0.64328,-0.06576,-0.63077,-0.15341,-0.78947,0.096419,-0.69053,1
-0.50295,-0.9057,-0.88436,-0.80456,-0.66016,-0.4179,-0.10714,-0.34465,-0.58803,-0.19949,-0.42181,-0.41354,-0.34187,-0.73456,-0.30585,-0.35966,-0.5959,-0.62016,-0.57942,-0.25685,-0.44224,0.22114,0.12133,-0.35335,-0.52438,0.03051,0.61025,0.37032,0.38819,0.7145,0.18757,-0.26758,0.31744,0.79862,0.55753,0.50645,0.18915,-0.099511,-0.81425,0.30065,0.61251,0.44591,-0.11263,-0.53543,-0.32386,-0.060889,-0.16588,-0.5873,-0.78193,0.13697,-0.15139,-0.035663,-0.20519,-0.1579,-0.53288,-0.77436,-0.47727,-0.94508,-0.60331,-0.71825,1
-0.73894,-0.48478,-0.7615,-0.65953,-0.32995,-0.61999,-0.7105,-0.92767,-0.71509,-0.69312,-0.73118,-0.59994,-0.039585,-0.13251,-0.25007,0.13963,0.25935,0.33299,0.40185,0.029538,0.030143,0.25611,0.54414,0.54021,0.13525,-0.13184,-0.22261,-0.5527,-0.88393,-1,-0.70921,-0.08133,0.15489,-0.24261,-0.53524,0.14738,0.85896,0.66913,-0.32553,-0.34292,0.32855,0.54383,-0.29937,-0.63437,-0.64174,-0.64674,-0.71387,-0.50344,-0.47501,-0.47636,-0.28287,-0.078459,-0.34546,-0.35673,-0.53741,-0.89744,-0.76136,-0.84439,-0.38843,-0.68129,1
-0.62389,-0.92627,-0.91459,-0.89539,-0.82501,-0.64794,-0.46266,-0.52238,-0.78706,-0.5976,-0.60698,-0.66764,-0.66115,-0.7789,-0.57609,0.056788,0.34307,0.085714,-0.45319,-0.44991,-0.17411,0.094776,0.10607,0.21586,0.61721,0.96013,0.96281,0.82832,0.47707,0.51763,0.74191,0.561,0.30085,0.24452,0.23064,0.1879,0.17297,0.010502,-0.46173,-0.69085,-0.61946,-0.5177,-0.4292,-0.54187,-0.6153,-0.62342,-0.72872,-0.71728,-0.67188,-0.56606,-0.91036,-0.78317,-0.97403,-0.95322,-0.71882,-0.82051,-0.33523,-0.40961,-0.61984,-0.62125,1
-0.83628,-0.87741,-0.5887,-0.20399,0.26706,0.32061,0.57684,0.78831,0.45358,0.6608,0.57181,0.51905,0.52238,0.039703,-0.0069215,0.38877,0.64605,0.55096,0.62445,0.86366,1,0.84132,0.54202,0.071816,-0.11434,0.10166,0.043597,-0.24105,-0.85024,-0.62246,-0.66801,-0.95889,-0.56589,-0.61908,-0.97832,-0.70423,-0.81172,-0.57097,-0.40966,-0.32941,-0.37672,-0.80952,-0.67257,-0.64416,-0.677,-0.85847,-0.97356,-0.83348,-0.62443,-0.70667,-0.69522,-0.76034,-0.84416,-0.48538,-0.47846,-0.98974,0.011364,-0.58352,-0.36639,-0.73672,1
-0.32448,-0.5688,-0.47175,-0.43224,-0.1296,0.59527,0.60985,0.01742,0.1121,0.042757,-0.22529,-0.21659,-0.39053,-0.76529,-0.68883,-0.53837,-0.14517,0.16135,0.31496,0.56528,0.64566,0.55281,0.70881,0.46092,-0.20451,-0.63102,-0.38838,-0.27872,-0.11851,0.20763,0.51869,0.55561,0.5178,0.62332,0.19157,0.16532,0.31948,0.43413,0.2471,0.13268,-0.14094,-0.57631,-0.57972,-0.34888,-0.45891,-0.54937,-0.78124,-0.87481,-0.55982,-0.57576,-0.78685,-0.47218,-0.41299,-0.68421,-0.83674,-0.74359,-0.73864,-0.63844,-0.85124,-0.903,1
-0.042773,-0.51222,-0.45664,-0.85069,-0.80167,-0.64042,-0.60065,-0.52591,-0.32534,-0.50665,-0.2684,0.14097,-0.0030229,-0.64711,-0.43645,-0.21087,0.13729,0.3334,0.17652,-0.1006,-0.42369,-0.63317,-0.67808,-0.70351,-0.54016,-0.60018,-0.4741,-0.10025,0.38921,0.46181,0.62921,0.70231,0.31009,0.4266,0.47632,0.63085,0.87208,1,0.76724,0.51285,0.4923,0.42662,0.19436,-0.062355,-0.57578,-0.66648,-0.52698,-0.28242,-0.41646,-0.4303,-0.73108,-0.62054,-0.038961,-0.80702,-0.86395,-0.88718,-0.88068,-0.27231,-0.40496,-0.66282,1
-0.87611,-0.59023,-0.8134,-0.88635,-0.70327,-0.47595,0.26082,0.027563,-1,-0.49406,-0.66908,-0.51465,-0.13862,-0.77993,-0.57107,-0.53267,-0.5358,-0.49901,-0.62045,-1,-0.80417,-0.8037,-0.76582,-0.68364,-0.5418,-0.63674,-0.88339,0.044051,0.4164,0.20976,-0.068338,0.26062,0.41363,0.27652,0.1255,0.5006,0.82834,0.84444,0.9688,1,1,0.91819,0.44834,-0.26875,0.25306,0.51042,0.56864,0.74004,1,0.88848,-0.21116,-0.52924,-0.25195,-0.38597,-0.11111,-0.30769,-0.85227,-0.28147,-0.42149,-0.40878,1
-0.85251,-0.87655,-0.9205,-0.99144,-0.92696,-0.48616,-0.46429,-0.83021,-0.74648,-0.82239,-0.87211,-0.88687,-0.74924,-0.81231,-0.66095,-0.50702,-0.40255,-0.28478,-0.21124,-0.2378,-0.17011,-0.21153,-0.41867,-0.22692,-0.13402,-0.05342,0.48566,0.8977,1,0.80484,0.70049,0.6102,0.42497,0.25914,0.11629,0.14456,0.08747,-0.316,-0.72633,-0.83682,-0.93376,-0.55189,-0.30609,-0.25612,-0.33438,-0.54251,-0.63238,-0.28422,-0.28925,-0.59515,-0.78685,-0.76319,-0.94286,-0.56725,-0.73696,-0.88718,-0.85227,-0.84439,-0.61984,-0.83834,1
-0.58997,-0.45307,-0.75361,-0.94532,-0.79254,-0.61623,-0.48052,-0.88534,-0.80424,-0.78636,-0.96455,-0.93083,-0.81258,-0.86284,-0.71211,-0.86831,-0.828,-0.62514,-0.40417,-0.44306,-0.66294,-0.57407,-0.40702,-0.17631,-0.10471,-0.62881,-0.91743,-0.46933,0.10836,0.64717,0.65973,0.53808,0.59005,0.95506,1,0.79032,0.12945,-0.44806,-0.58528,-0.50654,-0.31488,-0.080586,-0.59266,-0.42592,-0.55019,-0.60697,-0.40819,-0.32135,-0.42756,-0.67758,-0.66136,-0.92297,-0.75584,-0.5731,-0.67347,-0.6359,-0.42046,-0.28147,-0.48209,-0.97691,1
-0.72566,-0.98286,-0.91919,-0.9981,-0.96652,-0.97366,-0.72511,-0.93164,-0.87265,-0.71858,-0.84347,-0.79308,-0.70635,-0.96968,-1,-1,-0.94301,-0.63595,-0.38102,-0.32427,-0.30164,-0.070647,0.21861,0.49247,0.72848,0.73301,0.55899,0.6618,0.92512,0.91882,0.90823,0.90946,0.93868,1,0.56878,0.053831,-0.4824,-0.67349,-0.78853,-0.34902,-0.20556,-0.011233,-0.13229,-0.22752,-0.21865,-0.44487,-0.62224,-0.72866,-0.65977,-0.70424,-0.85657,-0.71469,-0.66234,-0.69006,-0.89116,-0.9641,-0.97727,-0.90389,-0.69146,-0.82448,1
-0.79941,-0.73082,-0.61629,-0.52829,-0.44408,-0.12282,-0.10931,-0.53076,-0.75892,-0.68769,-0.84177,-0.62427,-0.38938,-0.48025,-0.3233,-0.11154,0.36794,0.7521,0.82201,0.47389,0.31197,0.41642,0.64713,0.52894,0.38381,0.23846,-0.042126,-0.044463,-0.016234,-0.24406,-0.74954,-1,-0.9664,-0.41706,-0.30735,-0.63992,-0.97267,-0.76833,-0.57116,-0.59412,-0.348,-0.43272,-0.55619,-0.5983,-0.55758,-0.88426,-0.82144,-0.71488,-0.7789,-0.85697,-0.82869,-0.84879,-0.94805,-0.56725,-0.44671,-0.74359,-0.95454,-0.92677,-0.87879,-0.74134,1
-0.76106,-0.74796,-0.82063,-0.84023,-0.71443,-0.7721,-0.64556,-0.74509,-0.83741,-0.857,-0.60556,-0.05041,0.26011,0.013716,0.2593,0.43273,-0.0044555,-0.28457,-0.54765,-0.42444,-0.08242,0.3105,0.44665,0.83875,1,0.50435,0.074062,0.21202,0.72301,0.27389,-0.065286,0.028758,-0.40082,-0.3929,-0.4573,-0.56734,-0.90313,-0.95425,-0.85705,-0.89346,-0.72901,-0.77363,-0.57507,-0.51018,-0.68524,-0.47422,-0.46867,-0.7652,-0.64059,-0.34546,-0.66534,-0.73181,-0.39221,-0.80117,-0.68707,-0.38461,-0.45454,-0.75286,-0.8292,-0.93995,1
-0.87463,-0.7694,-0.88502,-0.85116,-0.82298,-0.94679,-0.84794,-0.73716,-0.46068,-0.26927,-0.12463,-0.10727,-0.35281,-0.79478,-0.74982,-0.12904,0.33582,0.38722,0.57206,0.87179,0.96986,0.63051,0.10756,0.26114,0.39406,0.3116,-0.24362,-0.68567,-0.61039,-0.29605,-0.27869,-0.63199,-0.63247,-0.33673,-0.23064,0.0074597,0.13339,-0.38255,-0.50411,-0.52919,-0.60996,-0.52869,-0.78404,-0.76604,-0.60762,-0.46572,-0.56139,-0.49506,-0.40535,-0.40121,-0.76494,-0.77175,-0.48571,-0.84795,-0.62812,-0.77949,-0.35227,-0.9222,-0.50413,-0.75982,1
-0.74336,-0.74111,-0.88042,-0.73181,-0.99341,-0.63074,-0.23864,-0.38434,-0.49237,-0.31103,-0.34269,0.018171,0.071542,-0.50521,-0.46133,-0.18156,0.37582,0.11335,-0.6356,-0.57727,0.46733,0.44034,-0.40023,-0.47034,0.19119,0.096156,-0.057464,0.71511,0.66295,-0.26047,-0.61068,-0.69872,-0.9937,-0.70832,-0.42375,-0.74012,-0.72578,-0.65104,-0.92347,-0.98148,-0.704,-0.62711,-0.5267,-0.51404,-0.71339,-0.81816,-0.93372,-0.75801,-0.89096,-0.65333,-0.81873,-0.91441,-0.52727,-0.22807,-0.16553,-0.30256,-0.45454,-0.59268,-0.71901,-0.68129,1
-0.66814,-0.81826,-0.79698,-0.75701,-0.8666,-0.77909,-0.53247,-0.70981,-0.85369,-0.92106,-0.53353,-0.3558,-0.21635,-0.51882,-0.24165,-0.015876,-0.44752,-0.31844,0.32485,0.42359,-0.042791,-0.13669,0.36145,0.61746,0.54529,0.76716,0.77498,0.77624,0.71794,0.5873,0.10256,-0.54123,-0.37373,-0.7026,-0.54096,0.10565,-0.053138,-0.87605,-0.74468,-0.86187,-0.31419,-0.099145,-0.31049,-0.72224,-0.59681,-0.5373,-0.73271,-0.62025,-0.85462,-0.45212,-0.87849,-0.56063,-0.26753,-0.51462,-0.51927,-0.53846,-0.71023,-0.92677,-0.64187,-0.92148,1
-0.89823,-0.87398,-0.81866,-0.82216,-0.55161,-0.65063,-0.79383,-0.91003,-0.81727,-0.53096,-0.52332,-0.72714,-0.56845,-0.88842,-0.56906,0.0093629,0.42617,0.53787,0.20513,-0.39105,-0.32104,-0.50864,-0.31906,0.45928,0.72807,0.60855,0.53188,0.5599,0.11769,-0.35613,-0.33471,-0.22242,-0.39242,-0.68606,-0.50823,-0.37198,-0.77323,-0.8617,-0.7238,-0.60937,-0.81146,-0.78584,-0.77861,-0.75496,-0.71965,-0.73779,-0.84571,-0.75621,-0.89298,-0.56606,-0.88845,-0.3495,-0.43377,-0.26316,-0.4966,-0.71282,-0.6875,-0.87185,-0.60882,-0.81986,1
-0.73451,-0.82255,-0.97175,-0.93723,-0.87218,-0.74792,-0.47457,-0.72966,-0.81756,-0.96311,-0.87551,-0.88189,-0.18871,-0.26142,-0.049855,-0.096275,-0.41436,-0.21351,0.24848,1,0.71142,0.020959,-0.45046,0.17058,0.53525,0.1281,-0.18185,0.071017,-0.071429,0.19783,-0.26561,-0.73354,-0.283,0.077266,-0.32883,-0.1129,-0.19309,-0.033378,0.28695,0.17124,-0.26161,-0.51844,-0.51326,-0.78227,-0.6261,-0.56391,-0.79645,-0.63043,-0.65371,-0.10303,-0.48008,-0.57489,-0.64156,0.52632,-0.10658,-0.5641,-0.47727,-0.57895,-0.88981,-0.78291,1
-0.37021,-0.59623,-0.97766,-0.75131,-0.89297,-0.69041,-0.11742,-0.36714,-0.73375,-0.66967,-0.76748,-0.3731,-0.47517,-0.61493,-0.78373,-0.61856,-0.56088,0.31055,0.6518,0.62586,0.582,0.79184,0.92879,0.69573,0.30861,-0.48893,-0.6695,0.10848,0.13271,-0.091509,0.53678,0.61672,-0.011236,-0.1716,0.091746,0.10665,-0.78461,-0.28294,-0.10605,-0.082135,-0.49137,-0.65568,-0.097633,-0.31487,-0.73159,-0.62425,-0.51322,-0.75082,-0.2741,0.54424,-0.58167,-0.4408,0.096104,-0.26901,-0.77778,-0.64615,-0.5625,-0.53318,-0.68044,-0.54273,1
-0.56342,-0.58423,-0.55519,-0.63243,-0.99391,-0.94733,-0.48701,-0.57618,-0.42248,-0.81296,-0.58089,-0.32034,-0.24341,-0.49489,-0.35881,-0.32811,0.045695,0.56592,0.80307,0.72196,0.50928,-0.44014,-0.24022,0.18922,-0.39795,-0.43584,0.19277,0.59839,0.24696,-0.065516,0.16578,0.40553,-0.23407,-0.77785,-0.53687,-0.073387,0.10015,-0.42456,-0.62724,-0.62288,-0.6945,-0.44518,-0.73749,-0.81628,-0.82513,-0.78634,-0.72437,-0.49386,-0.40232,-0.83515,-0.82271,-0.77461,-0.85974,-0.29825,-0.1746,-0.50256,0.28409,-0.18078,-0.75207,-0.85219,1
-0.71829,-0.89199,-0.65966,-0.75701,-0.70581,-0.28514,-0.29058,-0.12415,-0.55694,-0.58244,-0.42209,-0.54601,-0.61912,-0.66113,-0.59274,-0.5634,-0.58326,-0.808,-0.30191,0.11344,-0.15999,-0.047746,1,0.72851,-0.082377,-0.026325,0.20097,0.4119,0.10816,-0.33632,-0.56425,-0.65918,-0.80909,-0.34012,-0.45587,-0.36532,-0.50667,-0.6554,-0.57305,-0.73813,-0.92519,-0.93211,-0.81482,-0.74852,-0.77623,-0.85683,-0.81891,-0.86164,-0.77688,-0.65091,-0.38845,0.078459,-0.26234,-0.95322,-0.5737,-0.52821,-0.57954,-0.18993,-0.40496,-0.70439,1
-0.88348,-0.86284,-0.74836,-0.85687,-0.68856,-0.67536,-0.46591,-0.63043,-0.90937,-0.65251,-0.71246,-0.98916,-0.86757,-0.90946,-0.76467,-0.88703,-0.81867,-0.58982,-0.32885,-0.3018,-0.069772,0.75319,0.9165,0.75126,0.36578,0.32526,0.091081,0.28777,0.55398,0.48333,0.16708,0.32824,0.60265,0.87112,0.72323,0.33367,-0.19615,-0.58677,-0.51212,-0.22767,-0.32669,-0.47644,-0.22514,-0.43185,-0.66932,-0.82584,-0.83158,-0.74723,-0.82433,-0.58303,-0.73307,-0.62054,-0.033766,-0.21053,-0.73243,-0.35897,0.21591,-0.61556,-0.58127,-0.4642,1
-0.53097,-0.81569,-0.83246,-0.79886,-0.68958,-0.52755,-0.56169,-0.50739,-0.79742,-0.7692,-0.66369,-0.91618,-0.73082,-0.85624,-0.77069,-0.69143,-0.73205,-0.82753,-1,-0.80993,-0.37331,0.21194,0.81901,0.86969,0.72889,0.72949,0.69598,0.75978,1,0.63694,0.33384,0.14469,0.10028,0.40901,0.35052,0.020564,-0.4754,-0.79723,-0.75121,-0.44902,-0.62154,-0.55385,-0.2898,-0.57459,-0.83651,-0.80938,-0.78341,-0.72686,-0.9788,-0.83515,-0.92829,-0.96006,-0.85974,-0.7076,-0.78231,-0.69744,-0.20455,-0.40961,-0.72452,-0.83834,1
-0.84071,-0.98628,-0.88108,-0.92962,-0.94268,-0.79038,-1,-0.84873,-0.78795,-0.89647,-0.75528,-0.91676,-0.7098,-0.65556,-0.63707,-0.61022,-0.66698,-0.73922,-0.84767,-0.92273,-0.82251,-0.39924,-0.13489,0.16115,0.33934,0.58564,0.70459,0.84109,0.67269,0.41153,0.26649,0.073242,-0.12801,0.068998,0.0072619,-0.22399,-0.79707,-0.99418,-0.89711,-0.77909,-0.78089,-0.58462,-0.31514,-0.49626,-0.81348,-0.84092,-0.88446,-0.81971,-0.72539,-0.82061,-0.70319,-0.66619,-0.32987,-0.90643,-0.85488,-0.9282,-0.375,-0.74828,-0.74656,-0.69977,1
-0.88791,-0.82255,-0.87451,-0.78745,-0.70074,-0.62752,-0.49296,-0.63969,-0.80216,-0.79294,-0.6342,-0.80598,-0.96401,-0.67351,-0.41057,-0.61938,-0.81038,-0.73403,-0.75447,-0.69285,-0.62099,-0.13281,0.28664,0.37158,0.52111,0.6048,0.37998,0.49774,0.48579,0.23021,-0.048719,-0.34307,0.024677,0.80795,0.70809,0.33831,-0.3232,-0.42456,-0.50854,-0.45948,-0.44829,-0.13602,0.13333,-0.36614,-0.78448,-0.94871,-0.71134,-0.55196,-0.62948,-0.62424,-0.40239,-0.70328,-0.44416,-0.46199,-0.9093,-0.52308,-0.46023,-0.81693,-0.61433,-0.52887,1
-0.92183,-0.80626,-0.6728,-0.81645,-0.90768,-0.71244,-0.7895,-0.52591,-0.45624,-0.32447,-0.62654,-0.79895,-0.3626,-0.39218,-0.14455,-0.49318,-0.93431,-0.77829,-0.60467,-0.58497,-0.58242,-0.2467,0.23366,0.59779,0.39057,0.31138,0.36905,0.70317,1,0.91925,0.85591,0.6111,0.34936,0.16036,-0.14636,-0.099597,-0.4297,-0.74961,-0.7238,-0.84205,-0.8117,-0.58535,-0.29445,-0.56068,-0.94484,-0.94158,-0.87179,-0.74843,-0.90611,-0.50545,-0.60359,-0.52924,-0.17922,-0.73684,-0.82313,-0.6718,-0.78409,-0.77574,0.063361,-0.54273,1
-0.88496,-0.84655,-0.97306,-0.99715,-0.90211,-0.80865,-0.76353,-0.99912,-0.89634,-0.84928,-0.83014,-0.60053,-0.60933,-0.48541,-0.56967,-0.46326,-0.34888,-0.49112,-0.58237,-0.49722,-0.20152,-0.087005,-0.16139,-0.019158,0.22479,0.24463,0.29236,0.44854,0.70252,1,0.73646,0.33678,0.22461,0.27165,0.3814,0.16694,-0.0076536,-0.31372,-0.64748,-0.70545,-0.5692,-0.65983,-0.61464,-0.68797,-0.67472,-0.78305,-0.8678,-0.90895,-0.91419,-0.70909,-0.95618,-0.82596,-0.69351,-0.30409,-0.5102,-0.74359,-0.51136,-0.7849,-0.68595,-0.91224,1
-0.71091,-0.73168,-0.73719,-0.89158,-0.97261,-0.8194,-0.31494,-0.41125,-0.81638,-0.86987,-0.83553,-0.50205,-0.62747,-0.67041,-0.60618,-0.36475,0.3495,0.13018,-0.57795,-0.76926,-0.39903,0.097843,0.27774,0.38777,0.61045,0.7579,0.73632,0.56505,0.74127,0.86705,0.83935,0.59605,0.33466,0.5682,0.79892,1,0.91822,0.4568,0.16888,-0.14161,-0.38413,-0.44444,-0.24195,-0.40789,-0.32016,-0.47614,-0.60304,-0.8203,-0.82736,-0.071515,-0.89442,-0.76605,-0.80779,-0.16374,-0.54649,-0.91795,-0.42046,-0.78947,-0.61984,-0.6582,1
-0.88496,-0.77454,-0.86728,-0.86638,-0.87928,-0.42489,-0.23322,-0.74289,-0.80305,-0.64336,-0.47739,0.026378,0.023176,-0.505,-0.53817,0.059434,0.44296,0.51356,0.21544,-0.1997,-0.19519,-0.16021,0.055632,0.45907,0.71086,0.77729,0.87814,0.8767,0.87399,0.69639,0.48273,0.41451,0.48483,0.81473,0.98343,0.98427,0.98294,0.66476,0.31436,0.023747,-0.40776,-0.58169,-0.70619,-0.81938,-0.55132,-0.46846,-0.59942,-0.58491,-0.82231,-0.50303,-0.38446,-0.41797,-0.55325,-0.73099,-0.63719,-0.54872,-0.61932,-0.48284,-0.67493,-0.51963,1
-0.64307,-0.62195,-0.75493,-0.91393,-0.36698,-0.34373,-0.14773,-0.07828,-0.77136,-0.87187,-0.82929,-0.81682,-0.61221,-0.74198,-0.63527,-0.44861,-0.65599,-0.50691,-0.048391,-0.67551,-0.0586,0.031796,-0.3464,0.13288,0.0084016,0.056063,-0.25938,-0.30712,0.32731,0.71429,0.65014,-0.17367,-0.39053,0.034446,0.34049,0.45827,0.24885,0.38442,0.78748,0.93072,0.71187,0.75604,1,1,0.70856,0.23807,0.12133,0.11351,-0.034831,-0.50061,-0.58964,-0.74893,-0.23117,-0.49708,-0.43311,-0.0051282,-0.875,-0.10298,0.39945,-0.19631,1
-0.42035,-0.44535,-0.74901,-0.74037,-0.7824,-0.078205,-0.38041,-0.57266,-0.84955,-0.40998,-0.38466,-0.092614,-0.16424,-0.51738,-0.35781,-0.27356,-0.20133,0.036675,0.38186,0.61387,0.75443,0.65218,0.49327,0.50927,0.66537,0.75878,0.50667,0.15541,-0.41295,-0.95526,-0.49755,0.53606,0.58669,0.66147,0.5246,0.48952,0.29062,-0.71987,-0.46342,0.064488,0.12565,0.16435,0.035562,-0.0010307,-0.53057,-0.87877,-0.75987,-0.74963,-0.52044,-0.4303,-0.86853,-0.84593,-0.35584,0.017544,-0.71429,-0.0051282,0.11364,-0.54691,-0.61984,-0.77367,1
-0.56785,-0.71453,-0.87714,-0.60485,-0.23764,-0.11422,-0.52002,-0.42756,-0.55042,-0.23295,-0.13597,-0.2075,-0.59004,-0.36846,-0.006119,0.45186,0.45083,0.63699,0.74606,0.92658,1,0.73561,0.25209,0.17488,0.63484,0.50545,0.1829,-0.19494,-0.42248,-0.84212,-0.57362,0.17277,0.066471,0.43106,0.44727,0.3996,0.11896,-0.78413,-0.079275,0.37102,-0.070064,-0.23761,-0.38523,-0.27648,-0.60933,-0.68843,-0.6255,-0.5879,-0.57395,-0.71636,-0.86056,-0.54636,-0.36623,-0.25146,-0.61905,-0.75897,-0.85227,-0.45538,-0.69697,-0.93534,1
-0.47198,-0.76425,-0.85742,-0.92059,-0.94319,-0.66084,-0.56277,-0.56957,-0.72812,-0.80295,-0.63845,-0.31741,-0.29754,-0.81314,-0.88645,-0.71484,-0.60792,-0.33278,-0.72691,-0.44349,0.17348,0.38411,0.659,0.70351,0.53074,0.16621,0.10411,-0.15233,-0.20617,-0.1908,0.013188,0.24938,0.42707,0.34118,0.16171,0.071169,-0.0059042,-0.23095,-0.2043,0.28235,0.58332,0.60611,0.62602,0.053079,-0.086722,-0.30938,-0.46324,-0.40821,-0.67996,-0.34788,-0.86853,-1,-0.79221,-0.91813,-1,-0.64615,-0.47159,-0.76659,-0.53719,-0.75058,1
-0.74189,-0.97257,-0.58804,-0.81265,-0.86508,-0.68396,-0.5303,-0.38302,-0.80305,-0.9325,-0.66823,-0.05129,-0.13258,-0.47406,-0.97292,-0.91655,-0.62387,-0.12977,-0.30044,0.063998,0.25885,0.43462,0.62742,0.74716,1,0.68763,0.27786,-0.011322,-0.051745,-0.16544,-0.11956,-0.072568,0.030768,0.080233,0.050015,0.046573,-0.1452,-0.57305,-0.82416,-0.1878,-0.13214,0.22369,0.090392,-0.36125,-0.54905,-0.69172,-0.76422,-0.5274,-0.67188,-0.8303,-0.94821,-0.75749,-0.41299,-0.40351,-0.60091,-0.30256,-0.60796,-0.91304,-0.70248,-0.4642,1
-0.29794,-0.76597,-0.62089,-0.42368,-0.13518,-0.029293,0.18182,-0.68556,-0.65319,-0.45231,-0.81341,-0.33734,-0.41702,-0.39734,-0.33614,-0.35661,-0.49622,-0.45974,-0.48369,-0.77033,-0.4199,-0.26081,-0.37268,0.059523,0.022131,-0.21709,0.020906,0.037258,-0.2364,-0.39427,-0.2133,-0.048528,0.071721,0.16905,0.25437,0.50867,0.43276,0.20474,0.055872,0.19935,0.42397,0.15775,-0.033751,-0.27751,-0.43645,-0.33132,-0.35205,0.021863,-0.23069,-0.42303,-0.46614,-0.79173,-0.35584,-0.11696,-0.7415,-0.41026,0.085227,-0.373,0.82369,1,-1
0.91445,1,1,1,1,-0.092179,-0.015152,-1,-0.45091,-0.39425,-0.25762,-0.40709,-0.15014,-0.37527,-0.27194,-0.22776,-0.1634,-0.10753,0.0016832,-0.34097,-0.63512,-0.64135,-0.20017,0.28942,-0.010246,-0.58696,-0.22639,0.16632,0.034497,-0.24044,-0.29548,-0.55718,-0.91893,-0.74033,-0.45321,-0.093347,-0.26219,-0.37839,-0.27641,-0.1146,-0.24887,-0.35165,-0.57248,-0.49729,-0.20074,-0.38398,-0.30424,-0.10153,-0.32862,-0.53212,-0.68924,0.0099857,0.064935,-0.1579,-0.21088,-0.95385,-0.41477,-0.43249,-0.024793,0.039261,-1
-0.72566,-0.64252,-0.64586,-0.65525,-0.7195,-0.58667,-0.36796,0.16957,-0.66504,-0.95252,-0.44364,-0.30276,-0.5434,-0.29133,-0.0968,0.097293,-0.11574,-0.28894,-0.37808,-0.56999,-0.60308,-0.81433,-0.57762,0.010142,-0.2748,-0.30367,0.023637,-0.005352,-0.10714,-0.22339,-0.26169,-0.2058,-0.12129,-0.20254,-0.59681,-0.65,-0.85305,-0.64126,-0.39237,-0.22004,-0.40892,-0.27863,-0.33713,-0.50348,-0.4137,-0.51975,-0.6954,-0.38005,-0.35285,-0.62909,-0.83864,-0.47789,-0.080519,-0.12281,0.28798,-0.55897,0.35796,0.011442,0.041322,-0.5843,-1
-0.094395,-0.092156,-0.0072273,-0.44318,-0.3051,-0.41521,-0.5395,-0.62426,-0.39819,-0.003575,0.46803,0.45633,0.42306,0.056409,0.30946,0.73886,0.95565,0.86182,0.56175,0.43985,0.34823,-0.25754,-0.97711,-0.94611,-0.49242,-0.57749,-0.63168,-0.66509,-0.94643,-0.59135,-0.67368,-0.66592,-0.5892,-0.63031,-0.50005,-0.74597,-0.84212,-0.65894,-0.69998,-0.97603,-0.77927,-0.58022,-0.59938,-0.58104,-0.79869,-0.96462,-0.71206,-0.54358,-0.88188,-0.85212,-0.48805,-0.7689,0.33507,-0.4269,-0.40136,-0.061539,0.28977,-0.75286,-0.38292,-0.42263,-1
-0.52802,-0.89027,-0.55256,-0.46648,-0.85747,-0.42059,0.036255,-0.31555,-0.12306,0.21807,0.48703,0.62222,0.96862,0.40126,0.47176,0.4714,0.71443,0.88738,0.74374,0.5533,0.10624,-0.41887,-1,-1,-0.52582,-0.13184,-0.044858,-0.15233,-0.4515,-0.74774,-0.32905,-0.29948,-0.40271,-0.38527,-0.30142,-0.86411,-0.67571,-0.70115,-0.69555,-0.67843,-0.94997,-0.78071,-0.71913,-0.79078,-0.77708,-0.86643,-0.841,-0.649,-0.62645,-0.55151,-0.39841,-0.32668,0.17922,-0.51462,-0.30612,-0.030769,-0.83523,0.71167,-0.31129,-0.30716,-1
-0.15634,0.032147,-0.17674,-0.31526,-0.30561,-0.75329,-0.56764,-0.72789,-0.61587,-0.35964,-0.17227,0.17849,0.44436,-0.042797,0.18748,0.4368,0.80085,0.81527,0.73133,0.50471,0.43634,0.023004,-0.46297,-0.39904,-0.58402,-0.84161,-0.73422,-0.68073,-0.61364,-0.77394,-0.50191,-0.39339,-0.38633,-0.10355,-0.013399,-0.44879,-0.70916,-0.53208,-0.40396,-0.60436,-0.86705,-0.9055,-0.79827,-0.81397,-0.88484,-0.84833,-0.60847,-0.31776,-0.22564,-0.35758,-0.57171,-0.078459,-0.44935,-0.54386,-0.31066,-0.39487,-0.80114,-0.55149,0.25069,-0.45497,-1
-0.78319,-0.78826,-0.83771,-0.84403,-0.70682,-0.80113,-0.44643,-0.41213,-0.84511,-0.65079,-0.24004,0.32415,0.5814,0.11725,0.28197,0.49094,0.79256,1,0.93478,0.79281,0.51202,0.38616,0.28876,0.17304,-0.28873,-1,-1,-0.87814,-0.81818,-0.76542,-0.39357,-0.054594,-0.27292,0.025543,-0.05697,-0.30827,-0.56965,-0.24176,-0.30318,-0.69651,-0.91083,-0.67302,-0.5986,-0.90286,-0.81916,-0.8785,-0.90438,-0.86643,-0.81121,-0.81333,-0.72709,-0.82026,-0.6,0.29825,-0.12925,-0.64103,-0.81818,-0.55606,-0.74105,-0.93995,-1
-0.56932,-0.55679,-0.58081,-0.77984,-0.72407,-0.74469,-0.65801,-0.73142,-0.58981,-0.23381,0.017439,0.3939,0.38103,-0.030834,0.11867,0.46082,0.6332,0.82816,0.99474,0.98095,0.62901,0.28392,0.14803,-0.052761,-0.40369,-0.86298,-0.89327,-1,-0.82468,-0.56898,-0.51782,-0.43249,-0.48588,-0.19746,-0.29692,-0.37661,-0.068883,-0.17001,-0.6945,-0.28998,0.3531,0.072527,-0.51817,-0.63411,-0.83253,-0.84202,-0.75661,-0.83887,-0.75265,-0.53939,-0.8745,-0.10699,-0.044156,-0.25731,0.22903,-0.24103,-0.72159,-0.45995,-0.32231,-0.77367,-1
-0.85103,-0.85169,-0.71485,-0.50642,-0.063657,-0.55818,-0.60606,-0.54267,-0.79802,-0.7446,-0.37303,0.099648,0.043616,-0.076003,0.23061,0.28272,0.59051,0.83543,0.96465,0.92166,0.71459,0.6575,0.63463,0.59164,0.20123,-0.13383,-0.18605,-0.17188,-0.13657,-0.31394,-0.44414,-0.4089,-0.42875,-0.55909,-0.6097,-0.54294,-0.37678,-0.15317,-0.30761,-0.43399,-0.67875,-0.57876,-0.43127,-0.72791,-0.83708,-0.9158,-0.91416,-0.71848,-0.89702,-0.86182,-0.93825,-0.55778,-0.51169,-0.56725,0.19728,0.4,-0.46591,-0.76659,-0.19008,-0.60277,-1
-0.53392,-0.64252,-0.69842,-0.63861,-0.61045,-0.64848,-0.81548,-0.60044,-0.85991,-0.97712,-0.82759,-0.56096,-0.49561,-0.47819,-0.34156,-0.011195,0.24567,0.39657,0.64927,0.72817,0.5938,0.49024,0.47568,0.44637,0.2166,-0.11334,-0.14907,-0.2147,-0.10796,-0.25194,-0.42082,-0.37317,-0.32479,-0.24452,-0.13143,-0.053024,-0.045484,-0.1097,-0.25743,-0.098475,-0.1421,-0.1072,-0.00090521,-0.27802,-0.6352,-0.69364,-0.52807,-0.5286,-0.55982,-0.45697,-0.73506,-0.80029,-0.12208,-0.02924,-0.85488,-0.35897,-0.64204,-0.81236,-0.26722,-0.60277,-1
-0.39086,-0.52936,-0.54468,-0.73371,-0.4177,-0.23569,-0.1829,-0.85182,-0.84155,-1,-0.72607,-0.34437,-0.18612,-0.28349,-0.099408,0.064523,0.29292,0.4001,0.49548,0.71575,0.6661,0.58573,0.65773,0.86006,0.70389,0.15453,-0.23143,-0.38555,-0.39854,-0.58645,-0.37112,-0.087621,-0.050089,0.038474,0.016876,-0.084879,-0.15089,-0.17043,-0.17647,-0.059695,-0.2264,-0.20195,-0.33687,-0.34888,-0.39238,-0.50933,-0.63419,-0.68374,-0.54266,-0.71394,-0.98207,-0.61769,-0.096104,-0.59649,-0.7551,-0.34872,-0.51136,-0.62929,-0.38292,-0.80139,-1
-0.13864,-0.5988,-0.68265,-0.84356,-0.51357,-0.63934,-0.55628,-0.82712,-0.69821,-0.93193,-0.63335,-0.47626,-0.40003,-0.47283,-0.24004,-0.083452,0.31344,0.71886,0.86556,0.86451,0.81956,0.82865,0.85398,0.71396,0.45225,0.066637,-0.2266,-0.21182,-0.18791,-0.45968,-0.46507,-0.37879,-0.43883,-0.16905,-0.2286,-0.17036,-0.085721,-0.16065,-0.079486,-0.278,-0.3436,-0.19072,-0.35523,-0.31719,-0.50299,-0.74438,-0.80804,-0.95148,-0.65472,-0.66788,-0.94422,-0.98574,-1,0.26901,-0.079365,-0.60513,-0.35227,-0.49199,-0.38843,-0.56582,-1
-0.63274,-0.94428,-0.78515,-0.6505,-0.50494,-0.63397,-0.25108,-0.50562,-0.88805,-0.76205,-0.76095,-0.82298,-0.84655,-0.65041,-0.47798,-0.17993,-0.0258,0.31657,0.5628,0.65347,0.73841,0.88181,1,0.98586,0.91291,0.70195,0.41485,0.13565,-0.021916,-0.089592,-0.21591,-0.5419,-0.72887,-0.52093,-0.32597,-0.25766,-0.44063,-0.59904,-0.41029,-0.2512,-0.21691,0.071306,-0.1566,-0.4942,-0.75434,-0.53703,-0.27888,-0.27104,-0.36598,-0.21697,-0.49602,-0.41227,0.33507,-0.023392,-0.85941,-0.6718,-0.32954,-0.66133,-0.57576,-0.72286,-1
-0.71239,-0.90141,-0.87648,-0.53495,-0.18438,-0.83015,-0.62662,-0.6591,-0.87591,-0.83612,-0.76294,-0.55891,-0.27278,-0.41961,-0.289,-0.015673,0.17335,0.26649,0.59331,0.78767,0.76939,0.86464,1,0.816,0.6918,0.53012,0.51424,0.53026,0.24269,-0.21423,-0.65232,-0.82161,-0.75155,-0.48998,-0.2556,-0.21815,-0.3665,-0.60091,-0.393,-0.14924,-0.077244,-0.034921,-0.12841,-0.3512,-0.40262,-0.67608,-0.58348,-0.67056,-0.70419,-0.55636,-0.79283,-0.68902,-0.5013,-0.70175,-0.88662,-0.51282,-0.5625,-0.52403,-0.11846,-0.4134,-1
-0.24041,-0.24646,0.30223,0.21065,0.60183,0.15292,-0.68398,-0.015656,-0.74086,-0.82068,-0.62541,-0.41676,-0.2748,-0.36228,-0.15037,-0.1895,0.099575,0.36021,0.6943,0.83605,0.82525,1,0.90082,0.8158,0.65922,0.35081,0.27177,-0.13565,-0.53003,-0.70022,-0.78986,-0.86745,-0.78305,-0.53789,-0.13859,-0.0034274,-0.10562,-0.12904,-0.25026,-0.39368,-0.29404,0.20488,-0.060649,-0.64262,-0.4882,-0.64372,-0.81058,-0.51063,-0.5265,-0.72364,-0.40438,-0.32668,0.0077922,0.44444,-0.65533,-0.24615,-0.045455,-0.34554,-0.26722,-0.76905,-1
-0.35251,-0.60051,-0.5519,-0.54208,-0.32539,-0.25235,-0.2132,-0.68423,-0.6754,-0.55327,-0.28825,-0.095252,0.10206,-0.17026,0.067108,0.06839,0.35136,0.59377,0.83042,0.82213,1,0.99428,0.80778,0.5734,0.3248,-0.030069,-0.35056,-0.54714,-0.38778,-0.3263,-0.42103,-0.70591,-0.48336,0.064547,0.16662,0.08004,-0.089219,-0.37694,-0.40038,-0.55098,-0.69566,-0.37045,-0.22928,-0.47513,-0.6716,-0.74794,-0.68055,-0.86343,-0.61635,-0.65576,-0.72709,-0.68046,-0.80779,0.33333,-0.44218,-0.58974,0.22159,0.45538,-0.15703,-0.78291,-1
-0.60472,-0.49164,-0.57884,-0.91869,-0.60842,-0.1556,-0.3934,-0.54002,-0.61647,-0.52696,-0.51623,-0.22831,-0.11012,-0.27895,-0.16983,-0.0079381,0.20837,0.58961,0.85967,0.87136,0.84718,0.88754,0.64565,0.54369,0.38668,0.15277,0.11966,-0.14162,-0.27699,-0.51465,-0.62877,-0.70636,-0.34874,-0.20827,-0.45914,-0.53206,-0.28537,-0.39045,-0.28484,0.013072,-0.14325,-0.11966,-0.39997,-0.62638,-0.71083,-0.69528,-0.76277,-0.83768,-0.75366,-0.56606,-0.78287,-0.60342,-0.14286,-0.1345,-0.81859,-0.64615,-0.71023,-0.8627,-0.75758,-0.66282,-1
-0.85398,-0.81483,-0.83311,-0.84498,-0.41669,0.05348,-0.21212,-0.61455,-0.62239,-0.5178,-0.377,-0.19783,0.0041745,-0.15005,0.048651,0.34195,0.46161,0.64343,0.79655,0.91096,1,0.99632,0.76666,0.48632,0.25553,0.28274,0.41317,0.34562,0.089286,-0.11026,-0.2497,-0.52168,-0.87147,-0.75029,-0.52378,-0.35061,-0.46053,-0.63419,-0.60046,-0.55882,-0.53816,-0.31258,-0.32859,-0.50399,-0.64288,-0.7249,-0.65556,-0.27523,-0.26502,-0.57818,-0.5757,-0.25535,-0.23636,0.44444,-0.5873,-0.81026,-0.73296,-0.35011,-0.43802,-0.91224,-1
-0.4115,-0.63138,-0.71616,-0.62625,-0.82146,-0.40177,0.065476,-0.35568,-0.77995,-0.46747,-0.42719,-0.18259,0.080754,-0.014747,0.17183,0.31244,0.46472,0.58566,0.67515,0.55886,0.74789,0.66956,0.54477,0.68835,0.47418,0.21423,0.057464,-0.33409,-0.38636,-0.4177,-0.65689,-0.85891,-0.43484,-0.18855,-0.16968,-0.10121,-0.26678,-0.30165,-0.26882,-0.26427,-0.068906,0.027839,-0.26187,-0.27648,-0.31902,-0.89879,-0.70844,-0.67595,-0.8213,-0.84242,-0.55777,-0.89444,-0.31948,-0.39766,-0.78685,-0.17436,-0.21591,-0.66133,0.34986,-0.11316,-1
-0.88348,-0.71967,-0.8088,-0.84879,-0.37662,-0.09003,0.015152,-0.27806,-0.46838,-0.53897,-0.45016,-0.15885,0.14006,0.0073219,0.07092,0.0065133,0.26246,0.44436,0.61372,0.75514,0.97702,1,0.73508,0.7195,0.81025,0.7079,0.52726,0.30012,0.11019,-0.27496,-0.59695,-0.82925,-0.87021,-0.95358,-0.91899,-0.62177,-0.61316,-0.40543,-0.21337,-0.38519,-0.64076,-0.59805,-0.73878,-0.61041,-0.59426,-0.69912,-0.57515,-0.41779,-0.29026,-0.31879,-0.56972,-0.5863,-0.44416,0.35088,-0.28345,-0.73846,-0.57386,-0.76201,-0.50413,-0.71825,-1
-0.68584,-0.91427,-0.92444,-0.6272,-0.46741,-0.24536,-0.056818,-0.58456,-0.59929,-0.3954,-0.33872,-0.15797,-0.22988,-0.37238,-0.25288,-0.11724,-0.084862,0.22161,0.43278,0.72218,0.86277,0.92107,0.81477,0.88587,1,0.87994,0.75102,0.4895,0.40503,0.14477,-0.26431,-0.52685,-0.64612,-0.83975,-0.77498,-0.74516,-0.58474,-0.40501,-0.24773,-0.1963,-0.32878,-0.12137,-0.2285,-0.54161,-0.56355,-0.67115,-0.65266,-0.54178,-0.34478,-0.24121,-0.63147,-0.74322,-0.1013,-0.60819,-0.69161,-0.53333,-0.70454,-0.80778,-0.6584,-0.84757,-1
-0.48673,-0.59537,-0.81406,-0.92772,-0.3193,-0.024993,-0.28788,-0.3129,-0.51784,-0.61933,-0.51794,-0.43787,-0.22873,-0.32,-0.20774,-0.14574,0.033054,0.232,0.36777,0.45099,0.65831,0.72211,0.79104,0.88362,0.90492,1,0.90482,0.94751,0.78937,0.40258,0.085559,-0.38171,-0.56988,-0.62756,-0.59783,-0.70706,-0.92128,-0.76812,-0.7082,-0.52963,-0.77719,-0.7558,-0.48972,-0.56403,-0.46517,-0.67718,-0.71786,-0.7035,-0.50328,-0.5297,-0.50199,-0.69472,-0.038961,-0.73684,-0.59184,-0.7641,-0.64204,-0.49199,-0.60331,-0.87529,-1
-0.63717,-0.77711,-0.86334,-0.67142,-0.34213,-0.2416,-0.30574,-0.29482,-0.47016,-0.4566,-0.26244,0.00058617,-0.042464,-0.33547,-0.13853,0.065744,0.22018,0.35086,0.43804,0.59482,0.66189,0.72027,0.73445,0.91948,0.9418,0.80637,0.70081,0.75257,0.53734,0.086183,-0.17559,-0.44821,-0.44618,-0.60699,-0.8073,-0.97883,-0.79204,-0.5639,-0.73308,-0.78519,-0.5868,-0.51722,-0.51196,-0.647,-0.60876,-0.9158,-0.8649,-0.63702,-0.59717,-0.5903,-0.73108,-0.38944,-0.11688,-0.31579,-0.92744,-0.38461,-0.71023,-0.91762,-0.85124,-0.92148,-1
-0.5118,-0.5688,-0.95795,-0.91203,-0.81486,-0.65977,-0.51028,-0.52415,-0.65852,-0.60103,-0.56898,-0.3687,-0.20455,-0.4652,-0.20172,0.050885,0.064553,0.13205,0.16705,0.30415,0.38533,0.56855,0.84826,0.95513,0.94631,1,0.93739,0.99094,0.64184,0.15202,0.059401,0.002696,-0.35966,-0.71298,-0.8521,-0.69093,-0.45922,-0.37465,-0.4417,-0.38388,-0.39363,-0.36019,-0.46851,-0.46689,-0.53796,-0.66648,-0.6331,-0.55436,-0.6103,-0.87879,-0.70916,-0.9087,-0.39221,-0.43275,-0.51927,-0.49744,-0.72159,-0.90389,-0.57025,-0.88453,-1
-0.78319,-0.97,-0.85283,-0.81788,-0.71443,-0.5598,-0.2776,-0.54884,-0.56256,-0.52352,-0.46831,-0.31653,-0.16367,-0.26658,-0.12489,0.052921,0.17024,0.3201,0.43383,0.59161,0.77677,0.93211,1,0.97808,0.87213,0.77773,0.82855,0.8205,0.5558,0.15159,-0.28436,-0.34936,-0.62134,-1,-0.81712,-0.65565,-0.55784,-0.48841,-0.60574,-0.43399,-0.30446,-0.39194,-0.51713,-0.44344,-0.63662,-0.78936,-0.61246,-0.43336,-0.3579,-0.4497,-0.74502,-0.52924,-0.32467,-0.39181,-0.74603,-0.21538,-0.51704,-0.84897,-0.7135,-0.88914,-1
-0.65487,-0.90313,-0.82786,-0.66619,-0.41618,-0.22816,-0.37284,-0.48225,-0.39464,-0.30845,-0.27237,-0.20135,-0.091119,-0.17211,0.038018,0.20598,0.42721,0.49652,0.52156,0.59289,0.78815,0.84603,0.86542,0.96988,0.9541,1,0.97815,0.8098,0.45333,0.096197,-0.1309,-0.25522,-0.66355,-0.8425,-0.94579,-0.73266,-0.51826,-0.65249,-0.73793,-0.53922,-0.67273,-0.45372,-0.34799,-0.62278,-0.80864,-0.73533,-0.45962,-0.32435,-0.53256,-0.53212,-0.72112,-0.94579,-0.67273,-0.18129,-0.97279,-0.33846,-0.74432,0.10298,-0.58127,-0.68591,-1
-0.62389,-0.86541,-0.78581,-0.91013,-0.61704,-0.37974,-0.30195,-0.32569,-0.42485,-0.42543,-0.45527,-0.36606,-0.19966,-0.21873,0.015949,0.088948,0.2981,0.3359,0.26783,0.3125,0.53858,0.6665,0.7815,0.9705,1,0.86672,0.77246,0.60992,0.35633,0.056568,-0.16752,-0.3406,-0.67279,-0.87578,-0.88013,-0.70867,-0.50252,-0.56889,-0.66076,-0.5,-0.52542,-0.54945,-0.46282,-0.5447,-0.68183,-0.78634,-0.51322,-0.42498,-0.39626,-0.2,-0.60757,-0.4836,0.033766,-0.5614,-0.8322,-0.54872,-0.23296,-0.58352,-0.427,-0.59815,-1
-0.44985,-0.72739,-0.55782,-0.60057,-0.39133,-0.24053,0.13691,0.12812,-0.18347,-0.25497,-0.048348,0.083822,0.053404,-0.091678,0.069917,-0.051292,-0.070355,0.14016,0.49064,0.35724,0.35034,0.72048,0.81075,0.866,0.56639,0.68829,0.84473,0.39893,0.14347,-0.019495,-0.12305,-0.38778,-0.79607,-0.82321,-0.67332,-0.70988,-0.85436,-0.7806,-0.6595,-0.58126,-0.43995,-0.31062,-0.65576,-0.70626,-0.62752,-0.60697,-0.77399,-0.9401,-0.90106,-0.68242,-0.69721,-0.29529,-0.65714,0.47953,-0.66893,-0.45128,-0.40909,-0.70252,-0.47107,-0.71825,-1
-0.68584,-0.2739,-0.35283,-0.82406,-0.46741,-0.16743,-0.15368,-0.091069,-0.04635,-0.026455,-0.13767,-0.0014654,0.10436,-0.08054,0.036212,0.3049,0.67382,0.68332,0.65159,0.66888,0.5782,0.70085,0.92413,1,0.86824,0.86981,0.8046,0.40387,0.25325,0.076808,-0.34191,-0.541,-0.74357,-0.34754,-0.29406,-0.54617,-0.54909,-0.54809,-0.67932,-0.60283,-0.37139,-0.33358,-0.92034,-0.68101,-0.47285,-0.5192,-0.6092,-0.56394,-0.75568,-0.53697,-0.68327,-0.5321,-0.033766,0.46199,-0.39229,-0.37949,-0.35796,-0.5881,-0.93939,-0.86143,-1
0.032448,-0.27732,-0.62418,-0.92392,-0.59675,-0.086805,0.018939,-0.18809,-0.14557,0.16488,0.29817,0.46923,0.66259,0.35753,0.71371,0.94504,0.72915,0.73216,0.77993,0.9833,0.78499,0.62335,0.65519,0.49616,0.1584,0.0060579,0.084568,0.054343,-0.058645,-0.18483,-0.29896,-0.51247,-0.78977,-0.67546,-0.79421,-0.69597,-0.68248,-0.78101,-0.72676,-0.4525,-0.56595,-0.71111,-0.77525,-0.46096,-0.57378,-0.81459,-0.67439,-0.44474,-0.33569,-0.79151,-0.56972,-0.5863,-0.3974,-0.49708,-0.13832,-0.80513,-0.64204,-0.56064,-0.54821,-0.45497,-1
-0.71386,-0.7814,-0.93101,-0.66239,-0.49429,-0.15184,0.61418,0.50165,-0.040723,0.14743,0.036155,-0.67819,0.27767,1,0.82686,0.65479,0.37706,0.54805,0.74521,0.67915,0.77234,0.89224,1,0.78998,0.55041,0.63014,0.26505,-0.12227,-0.068993,-0.40812,-0.50627,-0.87104,-1,-0.74754,-0.67045,-0.58307,-0.79882,-0.68202,-0.36327,-0.27516,-0.53468,-0.72186,-0.31075,-0.33342,-0.60392,-0.70296,-0.4991,-0.20875,0.079253,-0.21212,-0.37052,-0.8602,-0.2,-0.5614,0.65986,-0.50256,-0.29546,0.30435,-0.29477,-0.92148,-1
-0.4705,-0.50279,-0.59724,-0.77366,-0.90464,-0.29051,0.10336,0.18148,-0.11299,-0.28958,-0.094286,0.10287,0.26386,0.17088,0.58351,0.65072,0.60356,0.78743,0.96381,0.78211,0.76602,0.87057,0.81392,0.57709,0.32746,0.1889,-0.078895,-0.36105,-0.048701,-0.31629,-0.43477,-0.80611,-0.94413,-0.72485,-0.65572,-0.6498,-0.70304,-0.88292,-0.48176,-0.37059,-0.71233,-0.65153,-0.25643,-0.47256,-0.69747,-0.61739,-0.61427,-0.68434,-0.60121,-0.55636,-0.29681,-0.68616,-0.6987,0.32749,-0.88209,-0.57436,-0.3125,-0.49657,-0.46557,-0.44573,-1
1,0.045864,-0.099869,-0.32192,-0.13315,-0.28729,-0.058442,-0.071224,-0.53946,-0.44116,0.1252,0.5381,1,0.38806,0.3534,0.58294,0.87193,0.77662,0.82032,0.53596,0.56998,0.58757,0.51595,0.30642,-0.053279,0.024562,-0.11419,0.10251,-0.11262,-0.4128,-0.52,-0.56527,-0.4592,-0.40562,-0.48246,-0.80625,-0.69254,-0.42331,-0.31858,-0.42941,-0.78205,-0.41343,-0.11962,-0.54831,-0.80694,-0.70872,-0.76711,-0.68134,-0.46391,-0.34061,-0.65936,-0.68616,-0.35584,0.95322,-0.73243,-0.67692,-0.89204,-0.65217,-0.2011,-0.79215,-1
-0.36873,-0.6228,-0.85545,-0.54826,0.10829,0.34856,0.097403,-0.28864,-0.48882,-0.15058,-0.0060967,0.50293,0.7242,0.5611,0.6774,0.80216,1,0.77371,0.73764,0.54752,0.40051,0.50537,0.23111,-0.39125,-0.62377,-0.70085,-0.40582,-0.47242,-0.63373,-0.77458,-0.88163,-0.78477,-0.63562,-0.80668,-0.70257,-0.80665,-0.51651,-0.53395,-0.60679,-0.76841,-0.82791,-0.32234,-0.38316,-0.93429,-0.44072,-0.59325,-0.84281,-0.62444,-0.48208,0.14667,-0.50598,-0.24108,0.038961,-0.23392,-0.18821,-0.73846,-0.76136,-0.48741,-0.16804,-0.56582,-1
0.67404,-0.008144,-0.44087,-0.85735,-0.91631,-0.37382,0.29004,0.14928,0.26492,0.50579,0.00014178,-0.77872,-0.87563,-0.68609,-0.22239,-0.29982,-0.44213,-0.5734,-0.24974,0.65646,0.95299,-0.087823,-0.99004,-0.60988,-0.77295,-0.57418,-0.76132,-0.51317,-0.10288,0.25471,-0.48425,-0.35026,0.027617,0.35983,0.71893,0.70706,0.63941,0.79536,0.78284,0.30044,-0.43254,-0.79243,-0.69559,-0.30585,0.48251,0.16072,-0.15248,0.15484,0.10247,0.22909,-0.54582,-0.74037,-0.68831,-0.5614,-0.27438,-0.45641,0.0625,-0.36842,-0.63085,-0.63048,-1
0.4056,-0.30133,-0.59658,-0.73847,-0.72103,-0.40607,-0.50704,0.83815,0.67896,0.40483,-0.092868,-0.57093,-0.4553,-0.41961,-0.15879,0.048239,-0.56751,-0.68644,-0.7025,0.64063,1,-0.21133,-0.91586,-0.65393,-0.55348,-0.36799,-0.49322,-0.34809,-0.26278,-0.019921,-0.60022,-0.3415,-0.096083,0.25151,0.32597,0.47077,0.53182,0.54081,0.35294,0.12026,-0.44366,-0.63639,-0.47782,-0.42515,0.20017,-0.1588,-0.51865,-0.19197,0.067138,0.2097,-0.58964,-0.81455,-0.6052,0.71345,-0.16553,0.066667,-0.30114,-0.093822,0.15152,-0.83834,-1
0.14307,-0.39906,-0.77858,-0.23823,-0.35937,-0.93335,-0.60065,0.15678,0.65526,0.85786,0.33645,-0.31213,-0.57795,-0.15974,-0.10041,-0.10096,-0.37478,-0.24675,0.016411,0.7881,0.98714,-0.29046,-0.90484,-0.99816,-0.57418,-0.32592,-0.62643,0.021614,0.37054,0.64121,-0.16207,-0.25028,0.10868,0.65999,0.58331,0.43024,0.46621,0.61485,0.52435,0.28911,-0.028605,0.14115,0.15815,-0.040969,0.33438,0.052935,-0.72184,-0.12129,-0.21555,0.13697,-0.61554,-0.17261,1,0.66082,-0.23356,0.25641,-0.21591,-0.67963,-0.86777,-0.5612,-1
0.57522,-0.08787,-0.841,-0.62958,-0.65458,-0.45015,0.77976,1,0.61439,0.67396,0.42209,-0.40944,-0.36145,-0.5017,0.32711,0.31691,-0.72542,-0.904,-0.19272,0.7256,0.57673,-0.28576,-0.7584,-0.71888,-0.62172,-0.57572,-0.63652,0.2042,0.14915,0.34484,-0.27128,-0.12402,0.53607,0.79989,1,0.84113,0.97573,0.85505,0.46384,0.018301,-0.6,-0.52137,-0.56834,-0.25999,0.24367,-0.15058,-0.42847,-0.66876,-0.6628,-0.49333,-0.65737,-0.50927,-0.45454,0.30994,0.22449,-0.85641,-0.53977,-0.45538,-0.55372,-0.36721,-1
-0.88348,-0.48135,-0.26347,-0.45554,-0.82957,-0.39532,0.33225,0.98942,0.92862,0.42028,-0.132,-0.82474,-0.18814,-0.24018,-0.25007,-0.25382,-0.8139,-0.7947,-0.5405,0.8262,0.95342,-0.38309,-0.70732,-0.66499,-0.86783,-0.44443,-0.48062,0.15768,-0.10308,0.43198,-0.67586,-0.46394,0.20445,0.79523,0.71791,0.875,0.74415,0.89186,0.33881,-0.059041,0.11245,-0.083516,-0.59731,-0.62664,-0.2431,-0.50466,-0.38464,0.53279,0.13983,-0.51273,-0.043825,-0.35521,-0.11688,1,-0.31066,0.65128,0.125,-0.24485,0.34435,-0.3164,-1
0.5826,0.090441,-0.40145,-0.4408,-0.38676,-0.12443,0.036255,0.85535,1,0.61533,0.26017,-0.3769,-0.75846,-0.45736,-0.060688,-0.084673,-0.77909,-0.90151,-0.41868,0.78746,0.85498,-0.051835,-0.83406,-0.72032,-0.48832,0.032713,-0.33333,0.20523,0.080763,0.67487,0.12392,0.13211,-0.032028,0.28055,0.69254,0.67863,0.76449,0.82032,0.54797,0.038126,-0.22085,0.077656,0.18609,0.15718,0.59681,0.18075,-0.65773,-0.52441,-0.72337,-0.62667,-0.72112,0.27532,0.080519,-0.57895,-0.46485,-0.1641,-0.43182,-0.075515,-0.024793,-0.16397,-1
-0.38791,-0.23189,-0.46255,-0.64099,-0.95029,-0.90594,-0.70996,-0.11709,0.12898,1,1,0.40592,-0.18929,-0.65391,-0.4511,-0.27234,-0.55279,-0.55699,-0.41132,-0.097817,0.26792,0.68388,0.94469,1,0.3166,-0.03029,-0.25559,-0.34953,-0.16903,-0.23959,-0.14747,-0.8297,-0.18954,0.34414,0.21694,-0.13448,-0.17625,-0.32245,-0.11427,-0.074074,-0.39687,0.039316,0.074615,-0.53002,-0.5772,-0.96215,-0.57841,0.22911,0.079253,-0.51758,-0.58566,-0.52068,-0.0025974,0.16959,-0.38776,-0.76923,-0.86364,-0.27231,-0.68044,-0.93072,-1
0.056047,0.065581,0.0841,-0.31622,-0.30205,0.43402,0.36472,-0.26924,-0.8842,-0.71371,-0.58883,-0.14303,-0.11761,-0.60998,-0.59876,-0.50784,-0.70013,-0.57465,-0.34462,-0.753,-0.55902,0.29905,0.94363,0.95021,0.60635,0.23362,-0.06839,0.045492,0.52293,-0.012038,0.0068665,-0.14289,-0.2265,-0.64091,-1,-0.16552,0.12508,-0.56327,-0.64938,-0.43094,-0.42629,0.07619,-0.17807,-0.79206,-0.66107,-0.4147,0.17385,0.764,0.48814,-0.48849,-0.28088,0.24394,0.16883,0.63743,-0.38776,-0.19487,-0.011364,-0.12586,0.13499,-0.76443,-1
-0.78024,-0.46764,-0.52497,-0.73847,-0.9158,-0.49154,-0.29383,-0.74024,-0.57145,-0.80924,-0.57408,-0.28341,-0.53822,-0.84201,-0.60899,-0.37472,-0.29562,-0.54057,-0.32969,-0.38955,0.073777,0.024844,0.039737,0.37588,0.25246,0.2856,0.68463,0.59345,0.30256,0.6998,0.34561,0.11548,-0.44534,-0.24727,-0.47264,-0.83972,-0.35097,-0.1985,-0.6985,-0.21002,-0.011697,-0.61954,-0.35497,-0.17496,-0.35599,-0.68568,-0.8276,-0.43516,-0.1681,-0.58545,-0.51394,-0.28673,-0.28312,0.26316,-0.17914,-0.071795,-0.39204,-0.58352,-0.57576,-0.51039,-1
-0.41445,-0.032147,-0.66951,-0.91726,-0.70632,-0.45069,-0.050866,0.037266,-0.2279,-0.44373,-0.64356,-0.28634,-0.1487,-0.45736,-0.29782,0.00081417,-0.11097,-0.69164,-0.16263,-0.26734,0.030354,-0.066149,-0.20123,0.20357,-0.0059426,-0.18824,0.42074,0.79148,0.76177,0.82976,0.63989,0.26466,-0.65494,-0.43741,-0.22062,-0.45101,-0.40171,-0.34137,-0.54164,-0.71351,0.27597,0.55678,0.50679,0.10436,0.39153,0.58448,0.56284,0.58131,0.81121,0.87152,0.58964,0.049929,-0.28312,0.53216,-0.45125,-0.16923,-0.47727,0.016018,-0.46557,-0.6351,-1
0.020649,0.068153,-0.059133,-0.24584,-0.17525,-0.60118,-0.63095,-0.60662,-0.55338,-0.67568,-0.4184,-0.55217,-0.39542,-0.41384,-0.058281,0.095257,0.04383,-0.29953,-0.1397,0.13549,0.46543,0.51825,0.091025,0.23307,0.32275,0.36799,0.48881,0.60416,0.69095,0.84851,0.96861,0.70546,-0.18408,-0.18686,-0.032628,-0.67097,-0.27815,-0.29708,-0.47923,-0.93246,0.15136,0.684,0.10901,-0.21077,0.65908,0.56116,-0.047447,-0.28362,-0.0075719,-0.093333,-0.42032,-0.57775,-0.0025974,-0.26901,-0.45125,-0.31282,-0.26136,-0.41419,-0.15703,-0.020785,-1
-0.24631,-0.5225,-0.20894,-0.45411,-0.90921,-0.50551,-0.72619,-0.83065,-0.3437,-0.56557,-0.36056,-0.24648,-0.18612,-0.3631,-0.39954,-0.56788,-0.46928,-0.80447,-0.86177,-0.41181,0.064503,0.25959,0.26947,0.46399,0.28975,-0.0082608,0.34384,0.44936,0.53856,0.62267,0.81035,0.95552,0.30799,0.24642,0.48962,-0.053427,-0.71244,-0.29999,-0.2821,-0.56667,0.27991,0.36068,-0.33351,0.35146,0.74836,0.4051,0.22601,-0.10213,-0.44876,-0.34546,-0.24303,-0.055635,-0.25195,0.90058,0.678,-0.12821,-0.26704,-0.54233,1,-0.066975,-1
-0.26106,-0.19589,-0.60118,-0.83024,-0.52929,0.25181,-0.056277,-0.13429,-0.24893,-0.66223,-0.33163,-0.25498,0.22297,-0.29896,-0.59795,-0.47039,-0.3984,-0.75875,-0.5182,-0.38955,-0.014545,0.3972,0.39451,0.3472,-0.0040984,-0.033594,0.1871,0.66818,0.80337,0.70321,0.99978,0.969,0.39767,0.41728,0.44973,-0.18266,-0.73125,-0.70136,-0.78705,-0.38061,0.52287,1,0.38394,0.1345,0.83338,0.70433,0.092358,-0.174,-0.63251,-0.13939,-0.091634,0.2097,0.3974,-0.16959,-0.48299,-0.35897,-0.90341,-0.51487,-0.5978,-0.66744,-1
-0.58112,-0.41535,-0.35808,-0.54208,-0.6282,-0.71674,-0.94751,-0.66571,-0.50067,-0.74689,-0.93364,-0.80422,-0.28861,-0.41714,-0.30003,-0.24079,-0.25127,-0.56904,-0.60846,-0.48866,-0.45194,-0.084143,0.053513,-0.12038,-0.13443,-0.17414,-0.13016,0.37999,0.51826,0.36615,0.50409,0.58212,0.56463,0.063063,-0.23412,-0.40282,-0.79051,-0.57887,-0.70293,-0.67734,0.22687,0.55971,0.096858,0.17676,0.63776,0.45173,0.19051,-0.23151,-0.2953,-0.1903,-0.31872,0.28673,0.41299,-0.052632,-0.63265,-0.78461,0.13636,-0.41876,-0.3719,-0.95843,-1
0.041298,0.34419,-0.27924,-0.51165,-0.69617,-0.087342,-0.41829,0.20794,-0.60521,-0.80495,-0.36339,0.079719,-0.08133,-0.72425,-0.62724,-0.35966,-0.59942,-0.62556,-0.71408,-0.034461,0.018128,0.24302,0.66875,0.33531,0.14447,0.14991,0.74976,0.6655,-0.24412,-0.054437,0.084033,-0.13795,-0.77801,0.0043455,0.38284,0.41714,0.1581,-0.066861,0.084546,-0.059695,0.1326,0.46984,0.35808,-0.64983,0.21353,0.21832,-0.20572,-0.46092,0.21151,0.52242,-0.53387,-0.14123,-0.36623,-0.57895,0.24717,-0.42051,-0.49432,-0.34096,-0.1405,-0.43187,-1
0.48378,-0.29361,-0.63075,-0.72943,-0.71189,-0.34104,-0.48323,-0.23616,-0.66711,-0.64078,-0.37048,-0.29807,-0.24802,-0.4423,-0.23924,-0.39609,-0.25251,-0.64301,-0.42689,-0.42444,-0.43676,-0.45445,-0.35424,-0.52321,-0.20779,-0.19154,-0.10894,0.43969,0.51116,0.27112,0.53286,0.40687,-0.070461,0.21887,0.29467,-0.20686,-0.81697,-0.4048,-0.42315,-0.7305,0.099942,0.937,0.94414,0.41922,0.66562,1,1,1,0.62342,0.15152,1,1,0.62078,0.74854,0.11565,-0.57436,-0.011364,-0.034325,0.24518,-0.53811,-1
-0.057522,-0.44878,-0.52562,-0.4893,0.22496,-0.3792,-0.045455,-0.58809,-0.29365,-0.053625,-0.47852,-0.66559,0.10782,0.11601,-0.52513,-0.15143,0.16154,0.12145,0.61624,0.75064,-0.0016863,0.25836,0.65561,0.32364,0.54016,0.72464,0.64282,0.36105,-0.34497,0.23405,0.4509,0.75197,0.29791,0.068786,-0.44011,-0.87419,-0.86464,-0.26006,0.1927,-0.25839,-0.17452,0.16044,0.19022,0.072919,0.5462,0.54937,0.15719,0.48787,0.31146,1,-0.51594,-0.42368,0.84935,0.33918,1,1,1,1,0.33333,-0.57506,-1
0.028024,-0.23275,-0.17149,-0.31574,-0.3827,-0.42865,-0.32251,-0.28159,-0.48023,-0.424,-0.26216,0.098769,0.26443,0.14427,0.0023072,-0.64014,-0.53787,-0.41777,-0.5264,0.18365,0.78035,0.47695,-0.019816,-0.47301,-0.68586,0.25256,0.4907,-0.0041169,-0.075284,0.036753,-0.15749,-0.80409,-0.9225,-0.84844,-0.98159,-0.81492,-0.68729,-0.74982,-0.4455,-0.54444,-0.74638,-0.30672,-0.1716,-0.63566,-0.82115,-0.79868,-0.70844,-0.63582,-0.42958,-0.30667,-0.69323,-0.58345,-0.21558,-0.74269,-0.89116,-0.77436,-0.52273,-0.55149,-0.48209,-0.71363,-1
-0.71681,-0.54651,-0.79041,-0.63861,-0.65864,-0.88068,-0.5211,-0.55237,-0.56227,-0.67939,-0.57266,-0.54543,-0.69397,-0.5248,-0.33012,-0.22084,-0.73101,-0.60706,-0.42668,0.0059932,0.61193,1,0.7247,0.36257,0.2416,0.06113,0.098015,0.17168,-0.15645,-0.69213,-0.88708,-0.58594,-0.61546,-0.20191,-0.36709,-0.66814,-0.76427,-0.62878,-0.6635,-0.55926,-0.23243,-0.51966,-0.79878,-0.76166,-0.32101,-0.067471,-0.060485,-0.33992,-0.080263,0.12,-0.65936,-0.92867,-0.76623,0.052632,-0.56009,-0.4,-0.77841,-0.60183,-0.61984,-0.57044,-1
-0.71386,-0.76682,-0.9343,-0.81598,-0.8174,-0.64311,-0.2289,-0.3936,-0.46128,-0.50236,-0.58627,-0.61313,-0.62804,-0.77209,-0.48781,-0.25402,-0.080924,0.035844,0.19882,0.55308,0.84486,1,0.80502,0.47444,0.089549,-0.50413,-0.82897,-0.93536,-0.47687,-0.36018,-0.38725,-7.8063e-18,-0.27355,-0.65384,-0.97566,-0.51431,-0.2377,-0.34886,-0.51866,-0.64205,-0.71303,-0.8022,-0.84741,-0.79052,-0.86011,-0.88563,-0.82072,-0.78017,-0.8839,-0.71394,-0.73506,-0.74893,-0.95325,-0.77193,-0.85034,-0.87179,-0.57386,-0.79863,-0.88981,-0.97691,-1
-0.68142,-0.73511,-0.89816,-0.92011,-0.82602,-0.99248,-0.89719,-0.66924,-0.32178,-0.32847,-0.44534,-0.62368,-0.55434,-0.41714,-0.1275,0.10584,0.341,0.20291,0.32737,0.66503,0.98335,1,0.57253,0.062801,-0.23934,-0.062011,0.086038,-0.43228,-0.64752,-0.28689,-0.60676,-0.29454,-0.22083,-0.53662,-0.66779,-0.25806,-0.12967,-0.32557,-0.54712,-0.61808,-0.84111,-0.44249,-0.48506,-0.71657,-0.80552,-0.9169,-0.75589,-0.5298,-0.54064,-0.40364,-0.6992,-0.66619,-0.83896,-0.33918,-0.8322,-0.4359,-0.72159,-0.59725,-0.96143,-0.60277,-1
-0.82891,-0.83283,-0.98029,-0.92439,-0.91732,-0.79629,-0.61634,-0.8774,-0.61676,-0.43772,-0.43116,-0.48593,-0.71211,-0.66629,-0.41458,0.054549,0.34722,0.56842,0.6255,0.41995,0.44182,0.57428,0.58822,-0.045385,-0.65287,-0.55876,0.21315,0.7007,0.79018,0.53574,0.021471,-0.00337,-0.25213,-0.32189,-0.46282,-0.54173,-0.48655,-0.15587,-0.16677,-0.30349,-0.8066,-0.60611,-0.042545,-0.20845,-0.7313,-0.57625,-0.49511,-0.53759,-0.3791,-0.44242,-0.77888,-0.54351,-0.57922,-0.79532,-0.74603,-0.68718,-0.84659,-0.71167,-0.84573,-0.78291,-1